[1010000001011010000101100100000111010010110001000111100110100110000110110100010101000110010111011110]
[0101010001110100110000101100100000011100111110100111000111000100111010000100001001011011101000100010]
[0011000000000011001001000110100111101101010001101100001000111001101001011101000111000011110000001001]
[1011010011110110100101011101010100011011010110101000010010110010011110101100000110110001000010000100]
[1110101100001110100111100111101000110111000000010100010111110000101100100101000110000100110011101001]
[1110100101101000101010100100110101011100110110100101010001010101110011001010011100111111101110001101]
[1100111111110010000001110111000001001011100011010001000101111100100001101101000010100101000010001110]
[0011111000110100111011001000101100000010110111001110011100101011111100010011111110110001101101000101]
[1011011110111010010111111000000000010101100001000011011010110110001111110000011010011100010011101011]
[0101011100010011000000001100110000110111101000001011111011001010111101101110011110011100011111110011]
[1010111010001010111010010100101100111011010111101101111101100001011001010010100000111011110100000010]
[0100010000100100001110010011001001100101010010110010001001101010111010110111010000101010000111000100]
[0011100000000110110110011101000001000011101110101101101010001110000001101101110011101010011001100101]
[0000110111110010001011111011001110111111010110111110000110101110100100110100111010000100011011101000]
[1010011010101111101010111111001111010010101101110001101100111111100111010011111110110011101010100100]
[1111011101111000111111101010100011000111000111100101100000010101010100111110000001001001100001010110]
[1101100010111010000100000101100101001101110001000010010011010111101101101111000000111001011110000110]
[0110110000000000110001111000010100000000111110011100001010001000001010101111001100100000000101100000]
[1001100011000111110110110101110011011111100001111011111000010100011000000010001010101000111001011110]
[0101110011011101000100000111001101010011110001110010001000000011110101011111111100100001010000001101]
[0110010101011001001010001100111111011110011101011111110101011011011010101100001001001111000000111010]
[0100001000010110001001000111100110111001111100111000110001010011000110100100100111010110110011111010]
[1111101000110010111000110101100010011001111110101111000101011111111001101111010111001110000100100110]
[0000010001010000011100101100010000001001100110111100101101010100101000000001111111111110100111101010]
[1001010111000101111111010011110001000100110010101011011101101100010010000111110001101001001000111001]
[1000010100111110111010010011110111001110101011100010000100000101011000000110111000001100101011011001]
[0110001110000010110010001110111111011001010101000000010111101111101001000001110101101001011101011001]
[0011101000011110010001001101100000110111101011100100110111100110110000010101110101100111000011001010]
[0010111001011110110011111101100111100111110000101100111110111101110000010110001110101011001000010110]
[1110010100000100001010000100100000010100110111101110010101100110110011101110100111110101110101010101]
[0100111000110011110011000010010100100101100010111000100110010010010010110111011010111000001001110101]
[1100101111000100001011110010100111011100110100000111100111110010000111101011100001000110110100011000]
[0111111100001101001011100110110011011001100000100100011010000101000001011001011010001010010110000010]
[0110001010010101101010111011011001110010011101101000111111101011011010011101111001010001011011100011]
[1001110110110101110101110011011110100101001101010010000001110010000010001010100111110000110010100011]
[1101001001010011100001100011001100001111001000101100111000100000100100110110101011101010110101100010]
[1111110011110110111000001000001111100110111111100010010001111000000001001011101010010100110001011101]
[1001011101101100101011010010111001011111101010111110011000110011001001111010001011110000100001000001]
[0100101111011011000010001100101011000010001101001011101010111011011111000010000101111100110101011110]
[1001010000000100001011111101110011111110100111000101000101111111001101011001101101110010001101110001]
[1011110010111100100000011101000111001001101011100111100110111110011101100010100000000011110101111000]
[0101111111011011011111100010000101111010001111011010000000110010111011100100110000111011100001000100]
[1110011011101111100000110100000000101110001011101111000111100111010000111000001000111011101011110101]
[0111100010101100011110001100010010001110111110100111100111101110010001110000111000100100010101111110]
[1010100110001000110110001101110001110010010010011110110011000110001000111001111011111001011010011111]
[1000111110110010000110011111101101011010010011100000011100011011001010110000000000010100100101110011]
[0011000100001111000000110011110001101000010001101100000010111011011000111001010000111010000010000010]
[0100001100111100011010001111111010100110100010110000101110010100010100010011000000001010011100000110]
[0000010011101011000010010101010111101100011010011001001101110100101100110101101010111110111000000001]
[0010000111111001110011010101111100100010001110111001010100111001101000100111010111111010111110110010]
[1100101111000100001011110010100111111100110100000111100111110010000111101011100001000110110100011000]
[1001010011110100110010101010110111101111101111111010110010001100000010001111100111100001000110000001]
[1000001110100110111101100000011110110011100111111000101111101011010100101100111101000100001000011101]
[1011111000000001100000110101110101100101111101111011000000101010001100011001001110011000010100110101]
[0111110011101111000111101011110000110110010111110111111101101010110101110100001100000111010011110100]
[0001000110100000101000011100010001010001011011111110110110000001101011011110000100000110111110101110]
[1001101000100010011010110010110110110000010000000010000010110100101111011110000110111011111110010011]
[1011010111110111110010111000101010100010011010000111010101001001000101010101100110011101110111000000]
[0110000111101111100100011111001110101010001111011110101100000111000000101001011101101000100010010001]
[1011111011101011111110111001011111101000100001001011000111011110000111000101011011010011010001000110]
[0110101100110100100000001101010011011111110100111110000110011111111111000111001110010101010001001000]
[0100100101001110101100000010010110111111000001011000001111101010101100101101111010111010000011010111]
[1010000011010011110000011011111000011010100111010100001011110110001000010011110010001011000101110101]
[0001101111110100000011011111111111001101001101010100101101100110000111010000001100111111001110000110]
[1100001011101111101010011000010100111000010111111111010000101011101001000001111000001110011011111111]
[0000011000000001111001011101101001010100101100000000110110011011110110011111110010001000011000111111]
[1111101001001011000100100111110111010011000011111001001101111011101000010110010010001011000111101000]
[0000011001110100010111000000101111001011010110000110010011000100000111010010110010001011011000010110]
[1100010011000011111011100110001010111011000011010101100110001010011100110111011110010101110100111100]
[0011111100110110101001110100001000100000000101001100000111000110000011010110001011101000000011000101]
[1111000110100111010000010010011010001000000011110011010111001011010011110011101001111100101110001110]
[1001000111100010000111000000100010100000100011110010001000111010111011110001011111011010110010010001]
[0101000101100011010100110111111001101000001000100110111010000100001000100010000111101110101111101001]
[0110111010000000111111001101000110001010001110000111010000101110000000010111101010011111110011101101]
[1101001011111111100110100100000010101010111010010001101100010011101111000100000010110001000001100101]
[1110010100100111100010011011000000000001001011101011010001101010101101000000110001110100111101011100]
[1000010010011001100001001011111100011011100010011101011110010010000100110100111101001100110000110011]
[1111000101011100000101100010001001110001101111100011111111011010000100001111111101110000000011011010]
[1100001101001101011101110100010001111110010111011000001010110111001100111110101001101001111000100110]
[1000011110101011000110001011010011111101010111010101000101101001110111100110100111010011010011101000]
[1010000111100011100110010110111001001100001000000111011010010110111101000111011010000110111101000001]
[0111000111011010000001110100001010000100000111011100000101111001001110010001011001110011000101000110]
[0001110011010000000011111011011000000010000001111110001111001111000000110110101010011011100000010100]
[0001100010100010001001100101101010011100101111110010110000101110001010100011110111100100111111110110]
[0110110101100010000011111001000100101010001001000111111101001001100101010000011110100000110111000000]
[1100101111000100001011110010100111011100110100000111100111110010000111101011100001000110111100011000]
[0111101011100000001111001101000000100101011000111101110000010111100101111110010010110000110100100101]
[0100111001101000001000011011100011011110001100100011001110111000011000011101100111011110100110010001]
[1001010011100001001011100111111111001110110101110001000011100000101101101110001111000111101010010010]
[0101001010001010011011110000110010011101000000011110110100010011011010010111010111100000001101111001]
[1111100000111001011111100101001000100110000111000101000011111001110000101111001000001001010100110001]
[0010110101101110001010100100000110000110010101001010110000110000001010011101101010010111110011010000]
[1111001010101101100011010111110100010000000100110001110101100101000011101101100100110100010000000011]
[0110001001110101101111000010000100100001110001001010010010101101001101101010111000011000010001110110]
[1100000110101101100101100111010101011100100101001111000100100010101110001001010000101000100000001011]
[1001010011111001101101011101100100111101000011011000100011110101101010000110101000101000111001101100]
[1110010100100111100010011011000000000001101011101011010001101010101101000000110001110100111101011100]
[1100101111000100001011110010100111011100110100000111100111110010000111101011100001000110110100011000]
[1111111011111101101011110010101110000011011000101010000101110000100101000101110011111110000010011010]
[0100010010100011010000011110010010111111101001000110111000101001010101110010110011111000110011110110]
